2 5.3481e+06 0.00332662 1 1.1e+07 3.03185
3 5.38404e+06 0.00851202 0.99999 1.1e+07 4.49769
4 5.34574e+06 0.0146649 0.999966 1.1e+07 6.01238
5 5.29746e+06 0.0209171 0.999931 1.1e+07 7.54882
6 5.23385e+06 0.0274507 0.999992 1.1e+07 9.12273
7 5.16491e+06 0.0339909 0.999987 1.1e+07 10.73
8 5.11159e+06 0.0400875 0.999952 1.1e+07 12.3276
9 5.05855e+06 0.0458716 0.999839 1.1e+07 13.9428
10 5.00699e+06 0.0515773 0.999786 1.1e+07 15.5672
11 4.96337e+06 0.0567301 0.999776 1.1e+07 17.1812
12 4.9158e+06 0.0620807 0.999784 1.1e+07 18.8142
13 4.87794e+06 0.067108 0.999743 1.1e+07 20.429
14 4.83282e+06 0.0719227 0.999828 1.1e+07 22.0725
15 4.80273e+06 0.0760991 0.999466 1.1e+07 23.6644
16 4.75984e+06 0.0815229 0.999612 1.1e+07 25.3261
17 4.72994e+06 0.0852386 0.999561 1.1e+07 26.9113
18 4.68554e+06 0.0900907 0.999661 1.1e+07 28.5803
19 4.66236e+06 0.0944866 0.999414 1.1e+07 30.1483
20 4.63251e+06 0.0978457 0.999579 1.1e+07 31.7206
21 4.60372e+06 0.102258 0.999629 1.1e+07 33.3192
22 4.5743e+06 0.106077 0.999583 1.1e+07 34.901
23 4.53694e+06 0.110072 0.999395 1.1e+07 36.5459
24 4.52009e+06 0.113296 0.999306 1.1e+07 38.0541
25 4.49137e+06 0.117062 0.999554 1.1e+07 39.6056
26 4.4652e+06 0.121155 0.999519 1.1e+07 41.1733
27 4.4409e+06 0.124031 0.999405 1.1e+07 42.7176
28 4.41805e+06 0.127455 0.999528 1.1e+07 44.2079
29 4.39545e+06 0.131283 0.999213 1.1e+07 45.723
30 4.37647e+06 0.133492 0.999483 1.1e+07 47.1854
31 4.35052e+06 0.137505 0.999161 1.1e+07 48.7233
32 4.3267e+06 0.140172 0.99912 1.1e+07 50.1974
33 4.30615e+06 0.143179 0.999598 1.1e+07 51.6694
34 4.29339e+06 0.145799 0.999357 1.1e+07 53.0409
35 4.2689e+06 0.149499 0.999486 1.1e+07 54.5031
36 4.25197e+06 0.152684 0.999293 1.1e+07 55.8618
37 4.23393e+06 0.155019 0.999341 1.1e+07 57.2579
38 4.21738e+06 0.158348 0.998925 1.1e+07 58.6687
39 4.19599e+06 0.160983 0.999351 1.1e+07 60.0259
40 4.174e+06 0.163596 0.998726 1.1e+07 61.4486
41 4.15549e+06 0.166482 0.999106 1.1e+07 62.7603
42 4.14282e+06 0.169389 0.999296 1.1e+07 64.0816
43 4.12213e+06 0.172856 0.998788 1.1e+07 65.4895
44 4.10424e+06 0.174603 0.998596 1.1e+07 66.7228
45 4.09249e+06 0.176976 0.999131 1.1e+07 67.9357
46 4.07417e+06 0.179649 0.999228 1.1e+07 69.216
47 4.05998e+06 0.182103 0.998792 1.1e+07 70.5102
48 4.04235e+06 0.185455 0.99926 1.1e+07 71.766
49 4.03376e+06 0.187078 0.999042 1.1e+07 72.8452
50 4.01363e+06 0.189442 0.998748 1.1e+07 74.1841
