2 5.59007e+06 0 1
3 5.8012e+06 0 1
4 5.91286e+06 0 1
5 5.98194e+06 0 1
6 6.0289e+06 0 1
7 6.06282e+06 4.72879e-06 1
8 6.08861e+06 2.69082e-06 1
9 6.10877e+06 4.52567e-06 1
10 6.1249e+06 1.16983e-05 0.999999
11 6.13814e+06 2.38432e-05 0.999999
12 6.14937e+06 2.19735e-05 0.999999
13 6.15874e+06 3.45616e-05 0.999999
14 6.16673e+06 5.80661e-05 0.999996
15 6.17383e+06 6.2151e-05 0.999998
16 6.17928e+06 0.000169308 0.999984
17 6.14753e+06 0.00521143 0.995518
18 6.11846e+06 0.0097981 0.991329
19 6.08711e+06 0.0147322 0.983934
20 6.05473e+06 0.0197482 0.984151
21 6.02376e+06 0.024617 0.988442
22 5.98952e+06 0.0298667 0.986369
23 5.95684e+06 0.034607 0.984987
24 5.92577e+06 0.0395588 0.990594
25 5.88896e+06 0.0448265 0.992043
26 5.86118e+06 0.0492881 0.986962
27 5.8179e+06 0.055164 0.991848
28 5.78152e+06 0.0604769 0.995559
29 5.75412e+06 0.0650345 0.990447
30 5.71811e+06 0.0702533 0.990381
31 5.68618e+06 0.0746972 0.991548
32 5.6528e+06 0.0795918 0.991623
33 5.61272e+06 0.0849027 0.98874
34 5.58173e+06 0.0894784 0.990817
35 5.53983e+06 0.0953731 0.992665
36 5.51312e+06 0.0991541 0.991521
37 5.47338e+06 0.104566 0.994281
38 5.44075e+06 0.108942 0.992611
39 5.40395e+06 0.113582 0.992422
40 5.37481e+06 0.117624 0.99479
41 5.33179e+06 0.123526 0.99419
42 5.30345e+06 0.127853 0.993612
43 5.26437e+06 0.132581 0.99353
44 5.2314e+06 0.136941 0.993188
45 5.19451e+06 0.141974 0.993362
46 5.1683e+06 0.146118 0.992397
47 5.11895e+06 0.151569 0.995569
48 5.09602e+06 0.154755 0.994385
49 5.06523e+06 0.159513 0.992411
50 5.02135e+06 0.164767 0.995645
