2 5.03974e+06 1.01592e-06 1 1.1e+07 0.787526
2 5.03976e+06 1.01592e-06 1 1.1e+07 0.787416
2 5.03971e+06 1.0159e-06 1 1.1e+07 0.787406
2 5.59001e+06 0 1 1.1e+07 0.711269
2 5.59003e+06 0 1 1.1e+07 0.710706
2 5.59005e+06 0 1 1.1e+07 0.710826
2 5.59004e+06 0 1 1.1e+07 0.711274
2 5.59001e+06 0 1 1.1e+07 0.710712
2 5.59003e+06 0 1 1.1e+07 0.710883
2 5.03984e+06 1.01599e-06 1 1.1e+07 0.787164
3 5.80119e+06 0 1 1.1e+07 1.01996
3 5.80116e+06 0 1 1.1e+07 1.0199
3 5.80117e+06 0 1 1.1e+07 1.01985
3 5.80115e+06 0 1 1.1e+07 1.02008
3 5.58997e+06 1.83181e-06 0.888889 1.1e+07 1.16708
3 5.80116e+06 0 1 1.1e+07 1.01973
3 5.58996e+06 1.83183e-06 0.888906 1.1e+07 1.16756
3 5.58995e+06 1.83185e-06 0.888889 1.1e+07 1.16708
3 5.80121e+06 0 1 1.1e+07 1.01979
3 5.59001e+06 1.83185e-06 0.888898 1.1e+07 1.16707
4 5.91284e+06 0 1 1.1e+07 1.32237
4 5.8011e+06 2.64766e-06 0.90002 1.1e+07 1.49982
4 5.80108e+06 2.64772e-06 0.89998 1.1e+07 1.49981
4 5.9128e+06 0 1 1.1e+07 1.32247
4 5.91283e+06 0 1 1.1e+07 1.32198
4 5.91284e+06 0 1 1.1e+07 1.32214
4 5.50402e+06 3.25567e-06 0.942321 1.1e+07 1.53428
4 5.80109e+06 2.64767e-06 0.89999 1.1e+07 1.49954
4 5.91287e+06 0 1 1.1e+07 1.32223
4 5.91287e+06 0 1 1.1e+07 1.32207
5 5.91275e+06 3.46352e-06 0.914282 1.1e+07 1.81
5 5.91275e+06 3.46356e-06 0.914297 1.1e+07 1.80992
5 5.91275e+06 3.46358e-06 0.914311 1.1e+07 1.80984
5 5.83492e+06 5.70361e-06 0.82442 1.1e+07 2.08227
5 5.91276e+06 3.46349e-06 0.914282 1.1e+07 1.80953
5 5.98192e+06 0 1 1.1e+07 1.6185
5 5.83489e+06 5.70348e-06 0.824382 1.1e+07 2.08235
5 5.83492e+06 5.7034e-06 0.82439 1.1e+07 2.08168
5 5.98195e+06 0 1 1.1e+07 1.61867
5 5.91278e+06 3.46365e-06 0.914286 1.1e+07 1.80959
6 5.98184e+06 4.27941e-06 0.92594 1.1e+07 2.1062
6 5.98186e+06 4.27958e-06 0.925901 1.1e+07 2.10623
6 5.98183e+06 4.27939e-06 0.925926 1.1e+07 2.10607
6 6.02886e+06 0 1 1.1e+07 1.90952
6 5.86422e+06 9.16719e-06 0.7778 1.1e+07 2.55052
6 6.02888e+06 0 1 1.1e+07 1.90907
6 5.98183e+06 4.27932e-06 0.925926 1.1e+07 2.10638
6 5.86424e+06 9.16753e-06 0.777792 1.1e+07 2.5508
6 6.0289e+06 0 1 1.1e+07 1.90927
6 5.83487e+06 8.55517e-06 0.853492 1.1e+07 2.25957
7 5.99511e+06 8.967e-06 0.863018 1.1e+07 2.71329
7 5.9508e+06 1.16148e-05 0.797995 1.1e+07 2.90588
7 6.02879e+06 5.09526e-06 0.935044 1.1e+07 2.39236
7 5.9951e+06 8.96692e-06 0.862963 1.1e+07 2.71405
7 6.02878e+06 5.09518e-06 0.935044 1.1e+07 2.39201
7 5.98177e+06 8.55897e-06 0.892863 1.1e+07 2.45427
7 5.99509e+06 8.96692e-06 0.863024 1.1e+07 2.71352
7 5.98176e+06 8.55871e-06 0.892833 1.1e+07 2.4542
7 5.95086e+06 7.74266e-06 0.890074 1.1e+07 2.42991
7 5.93278e+06 1.1003e-05 0.842533 1.1e+07 2.63272
8 5.99502e+06 1.34504e-05 0.848037 1.1e+07 2.96592
8 5.84987e+06 1.77243e-05 0.729013 1.1e+07 3.39641
8 5.84986e+06 1.77242e-05 0.729041 1.1e+07 3.39606
8 6.0628e+06 5.91114e-06 0.942286 1.1e+07 2.67075
8 5.89563e+06 1.98662e-05 0.675088 1.1e+07 4.07981
8 5.83465e+06 1.71121e-05 0.862251 1.1e+07 3.33738
8 5.89271e+06 1.97138e-05 0.772549 1.1e+07 3.87872
8 6.00721e+06 1.40625e-05 0.817557 1.1e+07 3.21976
8 5.79141e+06 1.81803e-05 0.631901 1.1e+07 4.09153
8 5.95071e+06 1.54863e-05 0.809952 1.1e+07 3.06167
9 6.08854e+06 6.72689e-06 0.948158 1.1e+07 2.94112
9 6.10882e+06 0 1 1.1e+07 2.74748
9 5.83453e+06 1.99628e-05 0.894148 1.1e+07 3.15101
9 5.97436e+06 2.08873e-05 0.793413 1.1e+07 3.64644
9 5.96096e+06 2.80114e-05 0.737806 1.1e+07 4.2924
9 5.98841e+06 2.19119e-05 0.750253 1.1e+07 3.90601
9 6.06271e+06 1.18225e-05 0.907409 1.1e+07 3.04074
9 5.87067e+06 2.48595e-05 0.570401 1.1e+07 4.85913
9 6.00715e+06 1.87504e-05 0.81477 1.1e+07 3.40958
9 6.02357e+06 1.99759e-05 0.794369 1.1e+07 3.83574
10 6.01821e+06 2.44574e-05 0.789536 1.1e+07 3.80368
10 5.94166e+06 3.01606e-05 0.655093 1.1e+07 4.67124
10 6.05882e+06 2.32361e-05 0.810973 1.1e+07 4.09769
10 6.01821e+06 2.44579e-05 0.789536 1.1e+07 3.8038
10 6.05095e+06 2.24222e-05 0.833554 1.1e+07 3.87044
10 5.9417e+06 2.63891e-05 0.780201 1.1e+07 3.87887
10 6.05098e+06 2.24238e-05 0.778173 1.1e+07 4.28338
10 5.90688e+06 2.73079e-05 0.702432 1.1e+07 4.50291
10 5.99151e+06 3.10296e-05 0.690975 1.1e+07 4.84074
10 6.04684e+06 2.20144e-05 0.824395 1.1e+07 3.72122
11 6.00688e+06 3.28144e-05 0.70965 1.1e+07 4.3661
11 6.05877e+06 2.90482e-05 0.806436 1.1e+07 4.26302
11 5.93479e+06 3.3255e-05 0.720373 1.1e+07 4.51455
11 5.79111e+06 3.11738e-05 0.746635 1.1e+07 4.57558
11 5.91737e+06 3.51562e-05 0.675089 1.1e+07 4.91656
11 5.91213e+06 3.1175e-05 0.846281 1.1e+07 4.12636
11 5.79111e+06 3.11759e-05 0.746849 1.1e+07 4.57624
11 6.12498e+06 8.35883e-06 0.95693 1.1e+07 3.46401
11 6.06965e+06 2.44609e-05 0.85903 1.1e+07 3.79441
11 6.06965e+06 2.44614e-05 0.859038 1.1e+07 3.79323
12 5.79089e+06 3.37629e-05 0.705212 1.1e+07 4.97609
12 5.88635e+06 3.88277e-05 0.608141 1.1e+07 5.4116
12 5.98123e+06 3.85203e-05 0.673447 1.1e+07 4.90737
12 6.07285e+06 3.73032e-05 0.76131 1.1e+07 4.83537
12 5.9812e+06 3.85182e-05 0.766212 1.1e+07 4.61258
12 5.98296e+06 3.87515e-05 0.766857 1.1e+07 4.53795
12 5.92731e+06 3.97898e-05 0.652854 1.1e+07 5.29043
12 5.80915e+06 3.77928e-05 0.542299 1.1e+07 5.09512
12 6.02834e+06 3.56686e-05 0.79997 1.1e+07 4.25599
12 5.81349e+06 4.08815e-05 0.509023 1.1e+07 5.77458
13 6.00071e+06 4.58602e-05 0.674038 1.1e+07 5.31605
13 5.92239e+06 3.92297e-05 0.813314 1.1e+07 4.74408
13 5.98977e+06 4.40972e-05 0.739616 1.1e+07 4.9686
13 6.0007e+06 4.58568e-05 0.693754 1.1e+07 4.94422
13 6.076e+06 4.4236e-05 0.773492 1.1e+07 5.06006
13 5.97392e+06 4.59634e-05 0.717804 1.1e+07 5.06605
13 5.99449e+06 4.48416e-05 0.671771 1.1e+07 5.14113
13 5.98806e+06 3.9437e-05 0.765129 1.1e+07 4.68648
13 5.90375e+06 4.40487e-05 0.758404 1.1e+07 5.20442
13 5.99451e+06 4.93397e-05 0.629814 1.1e+07 6.12569
14 5.89214e+06 4.60063e-05 0.796593 1.1e+07 5.12755
14 6.05073e+06 3.92359e-05 0.861064 1.1e+07 4.70052
14 5.97374e+06 5.43174e-05 0.674813 1.1e+07 5.61385
14 5.8177e+06 4.67767e-05 0.671738 1.1e+07 5.69781
14 5.90085e+06 5.38305e-05 0.535002 1.1e+07 6.55638
14 6.03769e+06 4.23915e-05 0.949817 1.1e+07 4.34448
14 6.08229e+06 3.91369e-05 0.82697 1.1e+07 4.71472
14 6.01225e+06 5.7487e-05 0.605254 1.1e+07 5.80345
14 6.07594e+06 5.05526e-05 0.747459 1.1e+07 5.13352
14 5.98782e+06 5.69816e-05 0.688109 1.1e+07 5.86443
15 6.03284e+06 5.71779e-05 0.692998 1.1e+07 5.72109
15 5.92433e+06 6.82616e-05 0.453533 1.1e+07 7.08056
15 6.03282e+06 5.71734e-05 0.711353 1.1e+07 5.39951
15 5.98433e+06 6.06436e-05 0.659822 1.1e+07 6.21124
15 5.87658e+06 5.3711e-05 0.733002 1.1e+07 5.7316
15 5.86325e+06 5.19684e-05 0.774421 1.1e+07 5.52026
15 5.89776e+06 6.00861e-05 0.533168 1.1e+07 6.3995
15 6.03404e+06 6.27021e-05 0.694039 1.1e+07 5.50249
15 6.03034e+06 6.69192e-05 0.681118 1.1e+07 5.87948
15 5.97375e+06 5.85076e-05 0.656546 1.1e+07 6.00221
16 5.68077e+06 5.29659e-05 0.741068 1.1e+07 6.3982
16 5.79991e+06 5.29933e-05 0.637621 1.1e+07 6.56799
16 5.9115e+06 6.58476e-05 0.529153 1.1e+07 6.84935
16 5.85605e+06 6.31372e-05 0.651063 1.1e+07 6.58574
16 5.99416e+06 6.72797e-05 0.682777 1.1e+07 6.02022
16 6.05332e+06 7.38901e-05 0.701891 1.1e+07 5.88116
16 6.01474e+06 7.74848e-05 0.60162 1.1e+07 6.2655
16 6.08561e+06 7.98446e-05 0.688834 1.1e+07 6.05674
16 6.04826e+06 6.66493e-05 0.699485 1.1e+07 6.02951
16 5.99113e+06 6.65575e-05 0.65208 1.1e+07 6.2836
17 6.02784e+06 6.62441e-05 0.826391 1.1e+07 5.82668
17 5.95395e+06 6.67009e-05 0.737537 1.1e+07 6.18636
17 6.06191e+06 7.094e-05 0.726272 1.1e+07 5.96123
17 5.93644e+06 8.19391e-05 0.639779 1.1e+07 6.94296
17 6.08033e+06 7.76744e-05 0.696873 1.1e+07 6.41357
17 6.0192e+06 7.88461e-05 0.685151 1.1e+07 6.17566
17 5.95593e+06 7.90236e-05 0.686505 1.1e+07 6.71117
17 6.03732e+06 6.88921e-05 0.78213 1.1e+07 5.4887
17 5.83345e+06 6.56217e-05 0.673977 1.1e+07 6.44372
17 6.07071e+06 7.40014e-05 0.734013 1.1e+07 6.12021
18 5.95795e+06 7.55368e-05 0.756909 1.1e+07 6.32644
18 5.91914e+06 7.43776e-05 0.780938 1.1e+07 6.1393
18 5.96376e+06 8.50985e-05 0.562494 1.1e+07 7.10847
18 6.02886e+06 8.19479e-05 0.710351 1.1e+07 6.0706
18 6.05608e+06 8.64011e-05 0.664785 1.1e+07 6.69808
18 5.85251e+06 7.15933e-05 0.665222 1.1e+07 6.8365
18 5.82531e+06 7.85156e-05 0.547992 1.1e+07 7.66114
18 5.90597e+06 8.20126e-05 0.696844 1.1e+07 6.50282
18 5.99713e+06 7.71094e-05 0.782504 1.1e+07 6.20365
18 5.92665e+06 7.23524e-05 0.748892 1.1e+07 6.22454
19 5.91635e+06 8.08663e-05 0.749852 1.1e+07 6.44592
19 5.79964e+06 7.95824e-05 0.64904 1.1e+07 7.25119
19 5.98884e+06 9.70351e-05 0.708696 1.1e+07 6.61904
19 6.00004e+06 8.71524e-05 0.638178 1.1e+07 6.80379
19 5.94929e+06 9.29836e-05 0.529516 1.1e+07 7.36517
19 5.9386e+06 7.87039e-05 0.678035 1.1e+07 6.97582
19 5.88246e+06 8.03084e-05 0.630948 1.1e+07 7.10589
19 5.97427e+06 0.000104975 0.714939 1.1e+07 6.62951
19 5.94301e+06 8.35695e-05 0.691856 1.1e+07 6.83577
19 6.06185e+06 7.68535e-05 0.868662 1.1e+07 5.96569
20 5.95541e+06 9.87506e-05 0.648417 1.1e+07 7.12215
20 5.84844e+06 8.27864e-05 0.629127 1.1e+07 7.26325
20 6.00878e+06 9.48038e-05 0.760258 1.1e+07 6.73666
20 5.90825e+06 9.63636e-05 0.641075 1.1e+07 7.31123
20 5.93138e+06 8.44207e-05 0.696392 1.1e+07 7.06599
20 5.86595e+06 8.63507e-05 0.579257 1.1e+07 7.62113
20 5.87264e+06 8.77936e-05 0.653524 1.1e+07 7.27007
20 5.88823e+06 0.00010449 0.640538 1.1e+07 7.58581
20 5.84464e+06 8.49991e-05 0.604495 1.1e+07 7.57324
20 5.98381e+06 9.09827e-05 0.721148 1.1e+07 7.00176
21 5.94032e+06 9.4272e-05 0.74789 1.1e+07 7.02841
21 6.06349e+06 8.9438e-05 0.736946 1.1e+07 6.75931
21 5.97122e+06 9.55546e-05 0.575449 1.1e+07 7.18368
21 5.78977e+06 8.57958e-05 0.632091 1.1e+07 7.49388
21 5.90811e+06 9.97963e-05 0.629403 1.1e+07 7.57183
21 5.93352e+06 9.98229e-05 0.725035 1.1e+07 7.13879
21 6.00286e+06 0.000102056 0.711237 1.1e+07 7.27754
21 6.03203e+06 0.000114386 0.640649 1.1e+07 7.35766
21 6.08463e+06 9.27545e-05 0.797352 1.1e+07 6.47312
21 6.04555e+06 0.000110082 0.608741 1.1e+07 7.24409
22 6.01272e+06 0.000110768 0.712799 1.1e+07 7.29307
22 5.92365e+06 0.000111471 0.4577 1.1e+07 8.04218
22 5.96722e+06 0.000106692 0.777441 1.1e+07 6.95354
22 5.9355e+06 0.000107893 0.651053 1.1e+07 7.62903
22 5.90803e+06 9.97716e-05 0.670874 1.1e+07 7.54384
22 5.89976e+06 0.000100946 0.748398 1.1e+07 7.07855
22 5.98721e+06 0.000123003 0.671827 1.1e+07 7.46391
22 5.9133e+06 0.000108261 0.470492 1.1e+07 7.97364
22 5.9918e+06 0.000111513 0.69017 1.1e+07 7.43599
22 5.95932e+06 0.000112058 0.70055 1.1e+07 7.40449
23 5.99488e+06 0.000126391 0.633791 1.1e+07 8.0552
23 6.04209e+06 0.000124834 0.779126 1.1e+07 7.0359
23 6.00113e+06 0.000110698 0.73555 1.1e+07 7.30217
23 6.03423e+06 0.000120728 0.602657 1.1e+07 7.95423
23 5.90235e+06 0.00011189 0.64425 1.1e+07 7.75684
23 5.99022e+06 0.000106429 0.770142 1.1e+07 7.16724
23 5.94437e+06 0.000122361 0.640306 1.1e+07 7.93636
23 5.80327e+06 9.63386e-05 0.742958 1.1e+07 7.59453
23 5.99969e+06 0.000105488 0.784259 1.1e+07 7.15359
23 6.01525e+06 0.00012656 0.766069 1.1e+07 7.16155
24 5.95088e+06 0.000124842 0.64525 1.1e+07 7.86052
24 5.94914e+06 0.000124167 0.703771 1.1e+07 7.62731
24 6.01521e+06 0.000136371 0.699857 1.1e+07 7.43822
24 6.05132e+06 0.000141432 0.760743 1.1e+07 7.51539
24 5.98499e+06 0.00011766 0.78343 1.1e+07 7.23392
24 6.01253e+06 0.00012524 0.674073 1.1e+07 7.82561
24 5.90774e+06 0.000113548 0.720448 1.1e+07 7.67175
24 5.88778e+06 0.000114223 0.689773 1.1e+07 7.80002
24 5.94456e+06 0.000110869 0.765014 1.1e+07 7.39173
24 5.91558e+06 0.000123125 0.656061 1.1e+07 7.85497
25 5.91341e+06 0.00011886 0.609873 1.1e+07 8.28709
25 6.06274e+06 0.000149111 0.639363 1.1e+07 8.09971
25 5.94857e+06 0.000127858 0.662736 1.1e+07 7.99606
25 5.95489e+06 0.000126411 0.637088 1.1e+07 8.2543
25 5.88191e+06 0.000118987 0.651548 1.1e+07 8.16861
25 6.00072e+06 0.000133758 0.744082 1.1e+07 7.59755
25 5.97065e+06 0.000128824 0.721325 1.1e+07 7.82484
25 5.90484e+06 0.000133306 0.606539 1.1e+07 8.30442
25 5.95089e+06 0.000128774 0.637066 1.1e+07 8.18693
25 6.00369e+06 0.000139935 0.703662 1.1e+07 7.82103
26 5.88165e+06 0.000135122 0.551272 1.1e+07 8.76363
26 5.96071e+06 0.000140955 0.692448 1.1e+07 8.01335
26 5.88742e+06 0.000127276 0.576174 1.1e+07 8.5006
26 6.05125e+06 0.000147098 0.757727 1.1e+07 7.84506
26 5.95703e+06 0.000131282 0.698011 1.1e+07 8.1088
26 5.93286e+06 0.000121945 0.819575 1.1e+07 7.69016
26 5.89042e+06 0.00012827 0.56996 1.1e+07 8.63814
26 6.04386e+06 0.000153419 0.69901 1.1e+07 8.01877
26 5.76378e+06 0.000113722 0.541618 1.1e+07 8.75797
26 5.85466e+06 0.000126374 0.709778 1.1e+07 8.2819
27 5.95056e+06 0.000132583 0.711137 1.1e+07 8.15253
27 6.00802e+06 0.000142224 0.821855 1.1e+07 7.81895
27 5.91264e+06 0.000136204 0.58902 1.1e+07 8.74911
27 5.9181e+06 0.000134722 0.759819 1.1e+07 8.23562
27 6.03393e+06 0.000141739 0.751407 1.1e+07 8.02591
27 5.99584e+06 0.000149703 0.688788 1.1e+07 8.13735
27 5.97575e+06 0.000148105 0.703978 1.1e+07 8.0988
27 5.96249e+06 0.000149947 0.615835 1.1e+07 8.50686
27 6.05086e+06 0.000186855 0.656505 1.1e+07 8.27747
27 6.02386e+06 0.000161466 0.728191 1.1e+07 8.12827
28 5.94637e+06 0.000146421 0.651413 1.1e+07 8.3967
28 5.97025e+06 0.0001622 0.748824 1.1e+07 8.00212
28 5.97193e+06 0.000154658 0.636204 1.1e+07 8.52206
28 5.75308e+06 0.000116252 0.651963 1.1e+07 8.86332
28 5.99906e+06 0.000174672 0.679218 1.1e+07 8.34198
28 5.83609e+06 0.000126798 0.728403 1.1e+07 8.4422
28 5.99863e+06 0.000174393 0.627714 1.1e+07 8.39561
28 5.91241e+06 0.00015021 0.643034 1.1e+07 8.61403
28 5.98416e+06 0.000165634 0.782288 1.1e+07 8.00534
28 6.03912e+06 0.000182899 0.700885 1.1e+07 8.30253
29 5.9662e+06 0.00016836 0.673024 1.1e+07 8.4105
29 5.88723e+06 0.000146964 0.718228 1.1e+07 8.63164
29 5.95228e+06 0.000164989 0.691541 1.1e+07 8.45268
29 6.02249e+06 0.000170727 0.769457 1.1e+07 8.17247
29 6.03115e+06 0.000171595 0.704699 1.1e+07 8.57561
29 6.00904e+06 0.000166832 0.695468 1.1e+07 8.49186
29 5.85772e+06 0.000139543 0.71697 1.1e+07 8.63238
29 5.976e+06 0.000178218 0.72825 1.1e+07 8.18882
29 6.03447e+06 0.000184661 0.698599 1.1e+07 8.18623
29 5.98237e+06 0.000168986 0.649461 1.1e+07 8.56029
30 5.89856e+06 0.000154829 0.597533 1.1e+07 9.13217
30 6.02348e+06 0.000191824 0.627007 1.1e+07 8.58209
30 6.05253e+06 0.000199833 0.710349 1.1e+07 8.36442
30 5.91284e+06 0.000164526 0.645961 1.1e+07 8.79065
30 5.80266e+06 0.00014748 0.598336 1.1e+07 9.45045
30 5.94789e+06 0.000162759 0.677605 1.1e+07 8.67271
30 5.93484e+06 0.000152685 0.75597 1.1e+07 8.48067
30 6.03657e+06 0.000197094 0.786199 1.1e+07 8.23069
30 6.0145e+06 0.000175285 0.739704 1.1e+07 8.46827
30 6.00287e+06 0.00018186 0.67382 1.1e+07 8.47541
31 5.94999e+06 0.000159879 0.737889 1.1e+07 8.78239
31 5.94547e+06 0.000181001 0.597506 1.1e+07 9.03994
31 5.92494e+06 0.000166617 0.637276 1.1e+07 8.93956
31 5.90958e+06 0.00016655 0.645069 1.1e+07 8.94741
31 5.97323e+06 0.000189333 0.731646 1.1e+07 8.50546
31 5.95166e+06 0.000184519 0.648753 1.1e+07 8.71101
31 5.99839e+06 0.000183523 0.632114 1.1e+07 9.02986
31 5.88326e+06 0.000174883 0.589686 1.1e+07 9.22134
31 5.88969e+06 0.000157873 0.714736 1.1e+07 8.88379
31 5.90948e+06 0.000163 0.70139 1.1e+07 8.89161
32 5.96588e+06 0.00017233 0.71372 1.1e+07 8.91389
32 5.89818e+06 0.000168265 0.719275 1.1e+07 9.01612
32 5.93422e+06 0.000193807 0.626324 1.1e+07 9.13222
32 5.98545e+06 0.000201869 0.606148 1.1e+07 9.04471
32 5.84289e+06 0.000158383 0.755797 1.1e+07 8.90828
32 5.93166e+06 0.000177388 0.699136 1.1e+07 8.78842
32 6.03767e+06 0.000198015 0.768931 1.1e+07 8.46166
32 5.99311e+06 0.000216563 0.597757 1.1e+07 9.07355
32 6.03763e+06 0.000214262 0.708368 1.1e+07 8.70633
32 5.94303e+06 0.000183528 0.671716 1.1e+07 9.06639
33 6.02063e+06 0.000204832 0.716921 1.1e+07 8.85666
33 5.95409e+06 0.000173921 0.680144 1.1e+07 9.0684
33 5.8191e+06 0.000178152 0.665685 1.1e+07 9.42033
33 5.8638e+06 0.000175879 0.531346 1.1e+07 9.78427
33 5.93381e+06 0.000189805 0.616729 1.1e+07 9.43215
33 5.94306e+06 0.000183548 0.670077 1.1e+07 9.0547
33 5.88945e+06 0.000181051 0.571903 1.1e+07 9.49481
33 5.94746e+06 0.000189958 0.605768 1.1e+07 9.35587
33 5.96935e+06 0.000203735 0.590871 1.1e+07 9.36214
33 5.9535e+06 0.000205582 0.660137 1.1e+07 9.05909
34 5.88015e+06 0.000173491 0.634308 1.1e+07 9.26997
34 5.9868e+06 0.000216237 0.626423 1.1e+07 9.39058
34 6.02903e+06 0.000238156 0.665807 1.1e+07 8.8066
34 6.0255e+06 0.000219205 0.693241 1.1e+07 8.86987
34 6.03956e+06 0.000221511 0.776507 1.1e+07 8.97445
34 5.9557e+06 0.000207024 0.652747 1.1e+07 9.29945
34 5.96768e+06 0.000190056 0.751989 1.1e+07 8.96513
34 5.86693e+06 0.000189834 0.695361 1.1e+07 9.37895
34 5.96552e+06 0.000197022 0.769143 1.1e+07 8.96264
34 5.94309e+06 0.000195178 0.72899 1.1e+07 9.01989
35 6.00851e+06 0.000195407 0.787175 1.1e+07 8.91274
35 6.03701e+06 0.000246265 0.662498 1.1e+07 9.05831
35 5.94467e+06 0.000215623 0.645749 1.1e+07 9.37891
35 5.98001e+06 0.000206825 0.772462 1.1e+07 9.04777
35 5.90896e+06 0.000204883 0.623073 1.1e+07 9.38726
35 5.88326e+06 0.000197849 0.537314 1.1e+07 9.88225
35 5.94685e+06 0.000221006 0.628327 1.1e+07 9.29733
35 5.97821e+06 0.000222934 0.612627 1.1e+07 9.45695
35 5.95755e+06 0.000196069 0.701026 1.1e+07 9.32245
35 5.8392e+06 0.000189414 0.711706 1.1e+07 9.46326
36 5.92431e+06 0.00021397 0.656185 1.1e+07 9.51896
36 5.91393e+06 0.000204168 0.71797 1.1e+07 9.43092
36 5.99457e+06 0.000226916 0.739519 1.1e+07 9.01143
36 5.96146e+06 0.000206763 0.725718 1.1e+07 9.29895
36 5.91097e+06 0.000227289 0.574064 1.1e+07 9.68722
36 5.95164e+06 0.000200409 0.7481 1.1e+07 9.28504
36 6.00216e+06 0.000233319 0.721758 1.1e+07 9.19975
36 5.96705e+06 0.00021056 0.767629 1.1e+07 9.30851
36 5.97833e+06 0.000240455 0.645793 1.1e+07 9.20706
36 5.8534e+06 0.000198926 0.63791 1.1e+07 9.80654
37 5.9472e+06 0.000213372 0.646571 1.1e+07 9.65194
37 6.04135e+06 0.000262002 0.706394 1.1e+07 9.13043
37 5.94434e+06 0.000238846 0.484988 1.1e+07 10.0178
37 5.93117e+06 0.000237082 0.568714 1.1e+07 9.78044
37 5.95119e+06 0.000208077 0.729563 1.1e+07 9.36794
37 5.92151e+06 0.000219555 0.686924 1.1e+07 9.5361
37 5.98937e+06 0.000258962 0.590188 1.1e+07 9.55797
37 5.92141e+06 0.000201258 0.750609 1.1e+07 9.43973
37 5.93574e+06 0.000217474 0.603973 1.1e+07 9.85635
37 5.90037e+06 0.000207001 0.475837 1.1e+07 10.2746
38 5.95467e+06 0.00024666 0.720321 1.1e+07 9.38883
38 5.93352e+06 0.000204717 0.730735 1.1e+07 9.55933
38 5.94909e+06 0.000206716 0.744684 1.1e+07 9.62372
38 5.99294e+06 0.000253103 0.660683 1.1e+07 9.388
38 5.84563e+06 0.000213279 0.689359 1.1e+07 9.87213
38 5.92975e+06 0.000232351 0.630844 1.1e+07 9.6332
38 5.97933e+06 0.000241276 0.65783 1.1e+07 9.606
38 5.96872e+06 0.00022436 0.685123 1.1e+07 9.61632
38 5.95317e+06 0.000221393 0.678405 1.1e+07 9.667
38 5.94875e+06 0.000238155 0.632956 1.1e+07 9.65243
39 5.89476e+06 0.000203906 0.774926 1.1e+07 9.5738
39 5.93997e+06 0.000224111 0.729427 1.1e+07 9.60875
39 6.00032e+06 0.000245855 0.673853 1.1e+07 9.69149
39 6.01e+06 0.000284387 0.575315 1.1e+07 9.88033
39 5.99133e+06 0.000274516 0.657615 1.1e+07 9.42756
39 6.01155e+06 0.000271297 0.618267 1.1e+07 9.64037
39 5.97416e+06 0.000249977 0.693379 1.1e+07 9.53014
39 5.94452e+06 0.000242893 0.714297 1.1e+07 9.65293
39 5.97912e+06 0.000258612 0.627995 1.1e+07 9.72098
39 5.96287e+06 0.000232517 0.690604 1.1e+07 9.74573
40 5.93757e+06 0.000245478 0.569196 1.1e+07 10.0964
40 5.89965e+06 0.00022722 0.714522 1.1e+07 9.93749
40 6.05144e+06 0.000279837 0.715743 1.1e+07 9.66133
40 6.01012e+06 0.000274696 0.675174 1.1e+07 9.67396
40 6.04185e+06 0.000296027 0.746499 1.1e+07 9.50724
40 5.99387e+06 0.000267801 0.57737 1.1e+07 9.83026
40 5.90804e+06 0.000232491 0.590964 1.1e+07 10.0289
40 5.99546e+06 0.000264698 0.760805 1.1e+07 9.50088
40 5.99362e+06 0.000286032 0.710345 1.1e+07 9.27301
40 5.95138e+06 0.000260134 0.596146 1.1e+07 9.87633
41 6.00308e+06 0.000277025 0.588048 1.1e+07 9.6509
41 5.79149e+06 0.000194435 0.722332 1.1e+07 10.2142
41 5.92064e+06 0.000248187 0.699616 1.1e+07 9.95818
41 5.93524e+06 0.000228547 0.708822 1.1e+07 10.0478
41 5.9504e+06 0.000267329 0.622858 1.1e+07 9.95276
41 5.81366e+06 0.000217871 0.614143 1.1e+07 10.4749
41 5.93551e+06 0.000259242 0.635742 1.1e+07 9.97958
41 6.07979e+06 0.00030792 0.692731 1.1e+07 9.61186
41 5.99243e+06 0.000257223 0.726672 1.1e+07 9.93732
41 5.87001e+06 0.000216737 0.68279 1.1e+07 10.1258
42 5.90502e+06 0.000241051 0.699799 1.1e+07 10.1379
42 5.97886e+06 0.000275916 0.607252 1.1e+07 9.9849
42 5.89656e+06 0.000245838 0.763534 1.1e+07 9.99562
42 5.99398e+06 0.000281775 0.568857 1.1e+07 10.0635
42 5.96784e+06 0.000303982 0.684396 1.1e+07 9.86815
42 5.87593e+06 0.000226469 0.67558 1.1e+07 10.1936
42 5.95222e+06 0.000272889 0.624145 1.1e+07 10.0077
42 5.9253e+06 0.000262673 0.643517 1.1e+07 10.1872
42 5.96225e+06 0.000273484 0.580484 1.1e+07 10.0003
42 5.91344e+06 0.000236017 0.714227 1.1e+07 10.0842
43 6.0271e+06 0.000299112 0.630802 1.1e+07 9.92629
43 5.99121e+06 0.000311115 0.645156 1.1e+07 9.89994
43 5.94588e+06 0.000279384 0.661361 1.1e+07 9.93341
43 6.00701e+06 0.000295734 0.653212 1.1e+07 9.73034
43 5.94985e+06 0.00027886 0.657902 1.1e+07 10.1397
43 6.0043e+06 0.000287902 0.632401 1.1e+07 9.83847
43 5.88782e+06 0.00025024 0.691238 1.1e+07 10.2397
43 5.92952e+06 0.000284752 0.559086 1.1e+07 10.3151
43 5.93245e+06 0.000272043 0.673937 1.1e+07 10.1726
43 6.00261e+06 0.000295644 0.742875 1.1e+07 9.79545
44 5.97145e+06 0.000294786 0.585051 1.1e+07 10.1794
44 5.88477e+06 0.000251578 0.696499 1.1e+07 10.4099
44 5.9803e+06 0.000290534 0.787156 1.1e+07 9.86894
44 5.94782e+06 0.000285049 0.688054 1.1e+07 10.0844
44 5.93176e+06 0.000294225 0.610073 1.1e+07 10.3715
44 5.96601e+06 0.000272656 0.740729 1.1e+07 10.2184
44 5.97498e+06 0.000289637 0.754838 1.1e+07 10.0693
44 5.9855e+06 0.000295851 0.618597 1.1e+07 10.0916
44 6.00822e+06 0.000306876 0.669749 1.1e+07 10.1981
44 6.01107e+06 0.00029542 0.611036 1.1e+07 10.3316
45 5.96944e+06 0.000292806 0.757891 1.1e+07 10.1235
45 5.98844e+06 0.000303497 0.725008 1.1e+07 10.0692
45 5.94974e+06 0.000294771 0.68735 1.1e+07 10.2299
45 5.99663e+06 0.000289181 0.726094 1.1e+07 10.1016
45 5.93462e+06 0.000281439 0.660758 1.1e+07 10.3717
45 5.93483e+06 0.000266338 0.750385 1.1e+07 10.1671
45 5.99941e+06 0.000301609 0.709766 1.1e+07 9.98209
45 5.96936e+06 0.000301254 0.693738 1.1e+07 9.95215
45 5.93001e+06 0.00026632 0.735225 1.1e+07 10.1592
45 5.97295e+06 0.000296276 0.646768 1.1e+07 10.2462
46 5.91736e+06 0.000282164 0.719962 1.1e+07 10.4169
46 5.86882e+06 0.000263885 0.693452 1.1e+07 10.5857
46 5.86864e+06 0.000260569 0.532046 1.1e+07 10.7796
46 5.93862e+06 0.0003081 0.554412 1.1e+07 10.5643
46 5.9764e+06 0.000308493 0.709914 1.1e+07 10.2213
46 5.92509e+06 0.000273649 0.693877 1.1e+07 10.4217
46 6.01176e+06 0.000365825 0.626292 1.1e+07 10.1131
46 5.98508e+06 0.00030441 0.729961 1.1e+07 10.1764
46 6.00674e+06 0.000305141 0.641013 1.1e+07 10.2509
46 5.97844e+06 0.000301862 0.617189 1.1e+07 10.3197
47 6.04325e+06 0.000348625 0.688926 1.1e+07 10.1957
47 5.98186e+06 0.000309907 0.743743 1.1e+07 10.3921
47 5.9318e+06 0.000313265 0.56257 1.1e+07 10.7689
47 5.94578e+06 0.000295112 0.662059 1.1e+07 10.4507
47 5.93404e+06 0.000300054 0.642142 1.1e+07 10.5536
47 5.89593e+06 0.000279659 0.640088 1.1e+07 10.6821
47 5.98325e+06 0.000306941 0.720708 1.1e+07 10.3917
47 6.01322e+06 0.000337823 0.680893 1.1e+07 10.2568
47 6.00203e+06 0.000323701 0.735611 1.1e+07 10.0911
47 5.89033e+06 0.000262015 0.750918 1.1e+07 10.4695
48 5.97997e+06 0.000321162 0.656696 1.1e+07 10.4493
48 5.94916e+06 0.00032228 0.705479 1.1e+07 10.2828
48 5.92714e+06 0.000316499 0.550604 1.1e+07 10.6068
48 5.93626e+06 0.000302053 0.667455 1.1e+07 10.5971
48 5.95336e+06 0.000318442 0.691475 1.1e+07 10.3977
48 5.93863e+06 0.000296472 0.81676 1.1e+07 10.4049
48 5.97267e+06 0.000321898 0.72838 1.1e+07 10.2649
48 5.97075e+06 0.000319821 0.62284 1.1e+07 10.5079
48 6.01717e+06 0.000358378 0.743338 1.1e+07 9.99362
48 5.97423e+06 0.000332308 0.657804 1.1e+07 10.2905
49 5.86974e+06 0.00030946 0.594928 1.1e+07 11.0256
49 5.97398e+06 0.000353791 0.605369 1.1e+07 10.3371
49 5.96903e+06 0.000335091 0.68691 1.1e+07 10.3928
49 6.0214e+06 0.000317994 0.773799 1.1e+07 10.4245
49 5.93419e+06 0.000319339 0.638086 1.1e+07 10.5082
49 6.04265e+06 0.000392993 0.669007 1.1e+07 10.429
49 6.00444e+06 0.000360557 0.740148 1.1e+07 10.1101
49 5.97773e+06 0.000331888 0.587475 1.1e+07 10.4591
49 6.00456e+06 0.000355865 0.706285 1.1e+07 10.3635
49 5.92199e+06 0.000289624 0.747974 1.1e+07 10.6311
50 6.03028e+06 0.000388809 0.643005 1.1e+07 10.3987
50 5.94872e+06 0.000341887 0.694655 1.1e+07 10.5228
50 5.94918e+06 0.000310266 0.737979 1.1e+07 10.596
50 5.9724e+06 0.000356246 0.68158 1.1e+07 10.3558
50 5.94435e+06 0.000341247 0.662952 1.1e+07 10.6505
50 5.99694e+06 0.000369515 0.624526 1.1e+07 10.4202
50 5.93996e+06 0.000336678 0.626616 1.1e+07 10.7148
50 6.0115e+06 0.000360466 0.755425 1.1e+07 10.3642
50 5.93356e+06 0.000337906 0.709505 1.1e+07 10.6427
50 5.92153e+06 0.000318762 0.648823 1.1e+07 10.7117
