2 5.57624e+06 18647.1 1
3 5.79023e+06 15101.3 1
4 5.89351e+06 16027.9 1
5 5.9599e+06 14966.1 1
6 6.00702e+06 16282 1
7 6.03547e+06 14973.5 1
8 6.05519e+06 14657.4 1
9 6.07221e+06 15775.4 1
10 6.08406e+06 15048.6 1
11 6.09398e+06 14779.3 0.999999
12 6.09662e+06 14651 0.999998
13 6.10397e+06 12183.8 0.999998
14 6.10892e+06 11197.4 0.999997
15 6.11255e+06 9010.34 0.999998
16 6.11634e+06 9593.88 0.999997
17 6.11976e+06 9073.75 0.999996
18 6.12069e+06 6589.63 0.999996
19 6.12539e+06 8026.28 0.999994
20 6.12629e+06 6784.7 0.999993
21 6.12852e+06 6922.44 0.999991
22 6.13055e+06 6249.31 0.999987
23 6.13045e+06 6296.79 0.999986
24 6.13324e+06 5991.02 0.999986
25 6.13354e+06 5605.31 0.999987
26 6.13477e+06 5596.95 0.999981
27 6.13436e+06 5801.69 0.999974
28 6.13651e+06 5471.69 0.999978
29 6.13688e+06 6289.44 0.999974
30 6.13783e+06 4876.52 0.999969
31 6.13841e+06 5289.11 0.999967
32 6.13765e+06 5261.98 0.999957
33 6.13968e+06 4896.87 0.99996
34 6.13921e+06 5551.73 0.999954
35 6.13917e+06 6049.01 0.99995
36 6.14002e+06 5674.8 0.999948
37 6.13938e+06 6111.17 0.999936
38 6.14116e+06 5373.65 0.999946
39 6.13853e+06 5623.49 0.999926
40 6.1408e+06 5708.72 0.999933
41 6.13942e+06 7215.21 0.999925
42 6.13878e+06 5167.78 0.999911
43 6.14023e+06 5892.42 0.999914
44 6.13951e+06 5679.21 0.999914
45 6.13868e+06 5411.5 0.999889
46 6.13859e+06 5668.88 0.999894
47 6.13909e+06 6870.47 0.999874
48 6.13883e+06 7033.77 0.999883
49 6.13775e+06 6369.92 0.999865
50 6.13726e+06 6005.12 0.999854
