2 5.34441e+06 4354.96 0.999992
3 5.38266e+06 4835.17 0.99997
4 5.34844e+06 6153.97 0.999928
5 5.29268e+06 5556.41 0.999872
6 5.23306e+06 5972.2 0.99979
7 5.17125e+06 6238.87 0.999667
8 5.11516e+06 5635.12 0.999531
9 5.06086e+06 5667.17 0.999413
10 5.01154e+06 6836.12 0.999263
11 4.96104e+06 5192.04 0.999169
12 4.91765e+06 6572.83 0.998993
13 4.875e+06 5979.06 0.998852
14 4.83405e+06 6858.72 0.998669
15 4.79638e+06 6349.48 0.998547
16 4.75974e+06 6510.59 0.998439
17 4.72585e+06 6495.32 0.998308
18 4.69167e+06 6300.85 0.998078
19 4.66016e+06 6700.93 0.997827
20 4.63068e+06 7494.16 0.997889
21 4.60057e+06 6784.01 0.997716
22 4.57043e+06 6544.73 0.997591
23 4.54387e+06 6574.14 0.997566
24 4.51618e+06 6589.99 0.997105
25 4.49119e+06 5950.59 0.997135
26 4.46636e+06 6462.72 0.997067
27 4.44286e+06 6401.8 0.996774
28 4.41886e+06 6047.26 0.996818
29 4.39449e+06 6611.09 0.996651
30 4.37289e+06 5994.01 0.996513
31 4.35059e+06 6932.17 0.996445
32 4.32954e+06 6864.29 0.996234
33 4.30802e+06 6451.63 0.996286
34 4.28851e+06 7047.75 0.995962
35 4.26779e+06 6452.08 0.995932
36 4.24967e+06 6868.01 0.99593
37 4.22948e+06 6252.19 0.995724
38 4.21076e+06 6276.3 0.995757
39 4.19274e+06 6761.54 0.995659
40 4.17403e+06 6809.49 0.995455
41 4.15651e+06 6281.56 0.995301
42 4.13887e+06 5703.89 0.995382
43 4.12257e+06 6442.09 0.99532
44 4.10533e+06 6373.12 0.995071
45 4.08948e+06 6407.97 0.995045
46 4.07163e+06 6464.46 0.994699
47 4.05666e+06 6870.82 0.994676
48 4.03945e+06 6421.06 0.994901
49 4.02452e+06 6219.9 0.994629
50 4.00948e+06 7109.97 0.994608
