2 5.58928e+06 564603
3 5.80046e+06 585936
4 5.9115e+06 597154
5 5.98024e+06 604098
6 6.02636e+06 608761
7 6.0595e+06 612108
8 6.08339e+06 614533
9 6.10122e+06 616362
10 6.11365e+06 617663
11 6.11708e+06 618230
12 6.10381e+06 618134
13 6.0405e+06 616164
14 5.94115e+06 610988
15 5.81188e+06 593430
16 5.7236e+06 580318
17 5.66354e+06 573507
18 5.60575e+06 567462
19 5.5461e+06 561244
20 5.49701e+06 556068
21 5.44907e+06 551503
22 5.40494e+06 546943
23 5.35959e+06 542594
24 5.3212e+06 538233
25 5.27428e+06 533576
26 5.22105e+06 528386
27 5.18609e+06 524906
28 5.15363e+06 521589
29 5.11725e+06 517998
30 5.08023e+06 513989
31 5.04102e+06 510051
32 5.00365e+06 506262
33 4.97349e+06 503203
34 4.94381e+06 500354
35 4.9141e+06 497114
36 4.87941e+06 493761
37 4.85371e+06 491230
38 4.82017e+06 487772
39 4.78565e+06 484344
40 4.76143e+06 482116
41 4.72913e+06 478878
42 4.70651e+06 476548
43 4.67171e+06 472855
44 4.6481e+06 470274
45 4.6256e+06 468363
46 4.59855e+06 465385
47 4.57347e+06 462956
48 4.55416e+06 460884
49 4.52197e+06 457721
50 4.49985e+06 455579
