2 5.4066e+06 259410 1
3 5.73077e+06 99566.9 0.962965
4 5.83016e+06 126086 0.960257
5 5.90218e+06 54512.6 0.903374
6 5.97138e+06 60844.6 0.917698
7 5.98978e+06 26437.3 0.881429
8 5.9088e+06 86597.4 0.778636
9 5.98846e+06 87489 0.82404
10 5.99766e+06 52508.6 0.758941
11 5.95631e+06 111984 0.785253
12 5.94003e+06 90117.7 0.697367
13 5.98331e+06 46565.5 0.734147
14 5.98259e+06 87776.7 0.740968
15 5.96403e+06 69080.7 0.659273
16 5.93826e+06 128643 0.659279
17 5.9896e+06 72793.3 0.717179
18 5.94519e+06 72786.1 0.685338
19 5.9325e+06 58048.6 0.665673
20 5.90264e+06 51276.2 0.650343
21 5.96955e+06 85200.7 0.68845
22 5.9488e+06 39279.9 0.650084
23 5.96803e+06 70866.2 0.703671
24 5.96713e+06 50222.3 0.715818
25 5.95429e+06 51191.1 0.656624
26 5.92989e+06 83462.5 0.656199
27 5.97869e+06 45351.1 0.699816
28 5.93022e+06 79223.7 0.683229
29 5.97073e+06 59621.3 0.710693
30 5.95821e+06 76688.6 0.682074
31 5.93625e+06 35831.6 0.659408
32 5.95852e+06 60389.6 0.688384
33 5.92675e+06 56826.2 0.627716
34 5.96854e+06 58302.7 0.69617
35 5.96056e+06 44623.1 0.663361
36 5.95605e+06 31780.1 0.699637
37 5.9537e+06 36514.9 0.64088
38 5.9452e+06 40076 0.688665
39 5.97175e+06 36493.2 0.673897
40 5.98129e+06 51502.8 0.673402
41 5.9358e+06 84756.9 0.667885
42 5.93977e+06 38405.2 0.649729
43 5.9639e+06 43091.7 0.645011
44 5.9612e+06 33946.9 0.683416
45 5.96361e+06 25917.8 0.716246
46 5.94428e+06 51307.1 0.655659
47 5.97013e+06 43970.8 0.675193
48 5.96057e+06 26251 0.687003
49 5.97752e+06 48536.2 0.66689
50 5.96965e+06 33100.7 0.681805
